0.000000000000000000e+00 5.653539968291346196e-02 1.914048675822974110e-01 9.300989432785145353e-03
6.711409395973154390e-02 2.799996885493778453e-01 1.064489573943677020e-01 2.340932868123427879e-01
1.342281879194630878e-01 3.571889314610982025e-02 5.939928536224007433e-02 1.906671650443339805e-01
2.013422818791946178e-01 6.944154539395860914e-02 1.550126575075706503e-01 3.709722115602488018e-02
2.684563758389261756e-01 1.758496113816119810e-01 1.021350223869605389e-01 1.743890471296498379e-01
3.355704697986577334e-01 2.049683541704485495e-02 1.054375517322897471e-02 1.987021910520693491e-01
4.026845637583892357e-01 2.775624907205804792e-01 1.953270885118309486e-01 2.397114391309380921e-01
4.697986577181207934e-01 2.893359874826694766e-01 3.302997171846817626e-01 2.387671899136383225e-01
5.369127516778523512e-01 5.477183137115765321e-02 3.475986623882951210e-01 1.799851716513959088e-01
6.040268456375839090e-01 9.480309662629617107e-02 4.354711686941035720e-01 2.885987575191324983e-01
6.711409395973154668e-01 2.856739115718248123e-01 4.388966591094182745e-01 4.459706581377276269e-02
7.382550335570470246e-01 1.208090868555932867e-01 6.215532313398460795e-01 2.753798598902430506e-01
8.053691275167784713e-01 1.225813386259613919e-01 6.498240534669803559e-01 2.816896683519734546e-01
8.724832214765100291e-01 1.115407099631427756e-01 5.646684801481318683e-01 1.999946420396932767e-01
9.395973154362415869e-01 1.019118722087945239e-01 8.143183680449030959e-01 1.702410393843524217e-01
1.006711409395973256e+00 3.404534992023899951e-03 9.550587196163814463e-01 2.167408685804570745e-01
1.073825503355704702e+00 1.055948765693703745e-01 1.123363222546028606e+00 2.698449422171290690e-01
1.140939597315436149e+00 2.125323761617373131e-01 1.520374156128966758e+00 2.971558301967504034e-01
1.208053691275167818e+00 5.292297364578197466e-02 1.595351522328666949e+00 1.962594334625062387e-01
1.275167785234899265e+00 1.701914855330740467e-02 1.745477981226776665e+00 2.886047512549008154e-01
1.342281879194630934e+00 5.010228892810340146e-02 2.030980723032151047e+00 2.841387179379271100e-01
1.409395973154362380e+00 7.663273301913488267e-02 2.195713873725624321e+00 1.591718805055661670e-02
1.476510067114094049e+00 1.868019686014339362e-02 2.378780891542381593e+00 4.231568343282057082e-02
1.543624161073825496e+00 4.413525668412795339e-02 2.540669495355744711e+00 5.985416426116996202e-02
1.610738255033556943e+00 2.010149266504708196e-02 2.651824881198140194e+00 1.595775974353351445e-01
1.677852348993288611e+00 2.351545547204927367e-01 2.904511231938924798e+00 2.528959323066925502e-01
1.744966442953020058e+00 1.359762957027842722e-01 2.976801918771645905e+00 2.112038021685429257e-01
1.812080536912751727e+00 1.203292661032748789e-01 3.105273538779305120e+00 1.552477565687152283e-01
1.879194630872483174e+00 2.584481414538367661e-01 3.450264566051801207e+00 2.597044443244702627e-01
1.946308724832214843e+00 2.254385425833680401e-01 3.395879895404265714e+00 1.504951214681924387e-01
2.013422818791946511e+00 9.583677244254260041e-02 3.433776592003181083e+00 4.342561164424896258e-02
2.080536912751677736e+00 2.004199321600391159e-01 3.607787140835228890e+00 2.482420435432291239e-01
2.147651006711409405e+00 1.601401368855140672e-01 3.718608000925899937e+00 2.021455005349679923e-01
2.214765100671141074e+00 7.746224460921255495e-02 3.726006102205205117e+00 1.410720623133025764e-01
2.281879194630872298e+00 1.184193459340368154e-01 3.491651497769982626e+00 2.898324942412715544e-01
2.348993288590603967e+00 1.899067493618729896e-01 3.560650014215779091e+00 1.031749545511695537e-01
2.416107382550335636e+00 1.454540909474274224e-01 3.553728077732697166e+00 2.233933761221058301e-01
2.483221476510067305e+00 6.964061605265821353e-02 3.468538838075242214e+00 2.654615737697023706e-02
2.550335570469798530e+00 2.865727198455576552e-01 3.500624504643389034e+00 1.998056508610295823e-01
2.617449664429530198e+00 2.718552429472023690e-01 3.395156131821595924e+00 2.644926874684860318e-01
2.684563758389261867e+00 2.773212834885856529e-02 3.414626768573980176e+00 1.951396699737500962e-02
2.751677852348993092e+00 2.055116548892904904e-01 3.184336447447029261e+00 1.721767143444153103e-01
2.818791946308724761e+00 1.285834974797811503e-01 3.272374439202590413e+00 1.924612986323062103e-01
2.885906040268456429e+00 5.550608646373715593e-02 3.296686379934174571e+00 2.245287092478354951e-01
2.953020134228188098e+00 2.113431492731148997e-01 3.100314049177039788e+00 2.161031783882414181e-01
3.020134228187919323e+00 1.552217192129290990e-01 3.303591834082098444e+00 8.212431182549859154e-02
3.087248322147650992e+00 1.452678547368688733e-01 3.479585235206029026e+00 4.263318250123947217e-02
3.154362416107382661e+00 1.983073414349220964e-01 3.415668075030754203e+00 1.401681342461812696e-01
3.221476510067113885e+00 1.414848076249654862e-01 3.419949265497388424e+00 2.178913358965621772e-01
3.288590604026845554e+00 1.879713802566029823e-01 3.766532256044407223e+00 2.557815547028767234e-01
3.355704697986577223e+00 1.170334434291597780e-02 3.875300972119391396e+00 2.936850297468894533e-02
3.422818791946308892e+00 1.042119913794838960e-02 3.930033840488100783e+00 6.095723593504509367e-03
3.489932885906040116e+00 1.064796395366201798e-01 4.116772155371839048e+00 1.676473841472471971e-01
3.557046979865771785e+00 2.485910988689349066e-01 4.406311093970658455e+00 9.510368038355726528e-02
3.624161073825503454e+00 4.510204702380355563e-02 4.413023560160728387e+00 2.941742114468312019e-01
3.691275167785235123e+00 9.457406233609168267e-02 4.652066584879143818e+00 8.349943761645735318e-02
3.758389261744966348e+00 2.788038898326772319e-01 5.025665111739292534e+00 1.357957738188462216e-01
3.825503355704698016e+00 2.455119817120255399e-01 4.985638988371796643e+00 2.633793693041869277e-01
3.892617449664429685e+00 2.861575039835653200e-01 5.012898592688576294e+00 2.021388728753775177e-01
3.959731543624160910e+00 2.402381546979312499e-01 5.294915233022553736e+00 1.364006916401646341e-01
4.026845637583893023e+00 2.911933726466874872e-01 4.975557957385297492e+00 1.160579732429218719e-01
4.093959731543623803e+00 2.076340303130605747e-01 5.004195108055107255e+00 1.085504968211496862e-01
4.161073825503355472e+00 2.901712587149006262e-01 5.235292026050501590e+00 7.289953844733887411e-02
4.228187919463087141e+00 2.158060148359257635e-01 5.010793342217670698e+00 2.257323087346777835e-01
4.295302013422818810e+00 6.346169944591306677e-03 4.833211024936982625e+00 2.418897549780581885e-02
4.362416107382550479e+00 8.270662371284376530e-04 4.658465620722468614e+00 2.069325559747069998e-01
4.429530201342282147e+00 1.231844727145990359e-01 4.376465845530113974e+00 2.770075268273577973e-01
4.496644295302013816e+00 4.951261810774793687e-02 4.220975812666716287e+00 2.550727022849125225e-01
4.563758389261744597e+00 1.800038261984720778e-01 4.092335032147916607e+00 1.661845125886554642e-01
4.630872483221476266e+00 3.952797694089293934e-02 3.751823593039238069e+00 2.544081337146021915e-01
4.697986577181207934e+00 6.545521150696055612e-02 3.657647436886175107e+00 7.919752052551583266e-02
4.765100671140939603e+00 1.539551743366592007e-01 3.325860320809505666e+00 1.542189641765091476e-02
4.832214765100671272e+00 1.665020688093338808e-01 3.121571821115629142e+00 9.856584344368782280e-02
4.899328859060402941e+00 4.167656251364180997e-02 2.688939535716031060e+00 1.149473960915419757e-01
4.966442953020134610e+00 2.523452191753537410e-01 2.805738423321306296e+00 8.184582944856567954e-02
5.033557046979865390e+00 3.639153736564077618e-02 2.642952744982772106e+00 2.814218741851378658e-01
5.100671140939597059e+00 2.895523189111133266e-01 2.388177735562388548e+00 9.404710142279716634e-02
5.167785234899328728e+00 2.803390513005043494e-01 2.371746055543233034e+00 2.662055378387213622e-01
5.234899328859060397e+00 1.011792221363951895e-02 2.540889929561515270e+00 2.943837120590422352e-01
5.302013422818792066e+00 2.837841183512634369e-01 2.578905633952066179e+00 1.207224673423984151e-01
5.369127516778523734e+00 8.014669064338678095e-02 2.775730383153229397e+00 2.490709317721341853e-01
5.436241610738255403e+00 2.499489571741461136e-01 2.897765256084841923e+00 1.893445588442909389e-01
5.503355704697986184e+00 2.421708762766442979e-01 3.129728759087917034e+00 1.810853712723055065e-01
5.570469798657717853e+00 2.425820737797057362e-03 3.101285601112021784e+00 2.214159310971635652e-01
5.637583892617449521e+00 2.041234336756345413e-01 3.275913145066124077e+00 1.653291029091157882e-01
5.704697986577181190e+00 8.386758082981017604e-02 3.623352445905192454e+00 1.709613122355827519e-01
5.771812080536912859e+00 2.779397450309592510e-01 3.681138003316094753e+00 2.918506739038220776e-01
5.838926174496644528e+00 2.560104825884881863e-01 3.630568056796269261e+00 4.584540192930631336e-02
5.906040268456376197e+00 1.413985783376779659e-01 3.629676833466819463e+00 6.774541419591273428e-03
5.973154362416106977e+00 1.347953715502433515e-02 3.736400584189446761e+00 5.943159132994596527e-02
6.040268456375838646e+00 5.106940829765860973e-02 4.060884589760006769e+00 2.711269473272266417e-01
6.107382550335570315e+00 1.345812362160372401e-02 4.035845735208408946e+00 2.440362941782941997e-02
6.174496644295301984e+00 5.832131324467144246e-02 4.190215130009658395e+00 1.758165338707166903e-01
6.241610738255033652e+00 2.892071285786765866e-01 4.088718553579322901e+00 8.062401577642930089e-04
6.308724832214765321e+00 1.793358035084670343e-01 3.995102050830675822e+00 2.690494947980847651e-01
6.375838926174496990e+00 9.258148137122894361e-02 3.996493067162203428e+00 1.291133263747463178e-01
6.442953020134227771e+00 7.985545545056028927e-02 3.967070328385402966e+00 1.336768908133813272e-01
6.510067114093959439e+00 4.034711949141565890e-02 3.734810810855733187e+00 1.202079730419568643e-01
6.577181208053691108e+00 2.240696272791553867e-01 3.670310851184861889e+00 2.797052894078963514e-01
6.644295302013422777e+00 9.991514692196367883e-03 3.465742319036413388e+00 5.034244370938473212e-02
6.711409395973154446e+00 1.128196831838383235e-01 3.363095265553392554e+00 6.130828741228566692e-02
6.778523489932886115e+00 2.134087209627310022e-01 3.026310371390739995e+00 1.728180524499781379e-01
6.845637583892617783e+00 1.666498460410871518e-01 3.144855086729602345e+00 1.676088990184713134e-01
6.912751677852349452e+00 2.508706951365623494e-01 2.928455250757555639e+00 8.524865911414961084e-02
6.979865771812080233e+00 3.573015505777154990e-04 2.453790307305725449e+00 2.203822232469759002e-01
7.046979865771811902e+00 8.155179553176128415e-02 2.277743413437459896e+00 1.377613265057173464e-01
7.114093959731543571e+00 5.782663616184153393e-02 2.072743318581099725e+00 2.578559367087115278e-02
7.181208053691275239e+00 1.359157801312110558e-01 1.907637492395532375e+00 6.653604855896629033e-02
7.248322147651006908e+00 2.421337929521595878e-01 1.720784266466212298e+00 2.315518614912957795e-01
7.315436241610738577e+00 6.592925250316226948e-02 1.483032454291578039e+00 8.472831643668796153e-02
7.382550335570470246e+00 2.348904143006428150e-02 1.290299005857936443e+00 2.998067631522186027e-01
7.449664429530201026e+00 1.206572907800537199e-02 1.078606417307476972e+00 2.877854901901186202e-01
7.516778523489932695e+00 2.527704239174965450e-01 1.055250227324404211e+00 5.834253749200178640e-02
7.583892617449664364e+00 1.632031654413341193e-01 6.394822921160401297e-01 2.792831141582463039e-01
7.651006711409396033e+00 2.079235831280821512e-01 7.684003969302610759e-01 7.123347939131748074e-02
7.718120805369127702e+00 7.855218607330058389e-02 4.440603108748621963e-01 1.024523742066466570e-01
7.785234899328859370e+00 1.418086236600400903e-02 4.727683260564882750e-01 1.172671170279100117e-01
7.852348993288591039e+00 1.132119170224753779e-01 2.527503513159162774e-01 2.067802101101035850e-01
7.919463087248321820e+00 2.535550927045970293e-01 4.413686375060081879e-01 2.554685348218748153e-01
7.986577181208053489e+00 5.737605178538165984e-02 3.717971955482598512e-01 1.251690363472119927e-01
8.053691275167786046e+00 1.696198550781402581e-03 2.345337937134363004e-01 1.206373381994030325e-02
8.120805369127516826e+00 1.793230171257467753e-01 1.033760887208565876e-01 3.674092791970855199e-02
8.187919463087247607e+00 6.682651786217667922e-02 2.131346973404923406e-01 2.733183408734175535e-01
8.255033557046980164e+00 4.343303869733800004e-02 2.374178844774747499e-01 2.378123764515625016e-01
8.322147651006710944e+00 1.607439512120937067e-02 2.268413525501601358e-01 2.764931267802808179e-01
8.389261744966443501e+00 1.867386895061420027e-01 6.283809831024037007e-02 2.628772770149597759e-01
8.456375838926174282e+00 1.389200369288050574e-01 -2.969875421431497631e-03 7.863458326361479067e-02
8.523489932885906839e+00 8.222287332119017356e-02 2.190033346608667719e-02 1.425194223825860806e-01
8.590604026845637620e+00 1.861165950670163813e-02 -9.726745551452684047e-02 2.655459901968125827e-02
8.657718120805368400e+00 1.973259523888809264e-01 1.421511487837556209e-01 1.375385617334524413e-01
8.724832214765100957e+00 1.520088379614335794e-01 -5.171214281303282423e-02 1.540881103595051205e-01
8.791946308724831738e+00 2.099272174693924409e-01 2.411925935297880297e-01 1.007155668720354086e-01
8.859060402684564295e+00 2.694923273414909226e-01 1.234959021291940906e-01 2.611911083445566661e-01
8.926174496644295075e+00 2.815518453865323845e-01 4.660632619493826345e-01 2.504804517454375379e-01
8.993288590604027632e+00 9.816036133971832445e-02 8.122592323816058002e-01 1.627771185615042859e-01
9.060402684563758413e+00 7.562575734994865517e-02 1.054106039528891925e+00 1.510042440092802529e-01
9.127516778523489194e+00 2.469476508807826320e-01 1.361975097719904548e+00 2.221309631176376920e-02
9.194630872483221751e+00 1.780967633299875286e-01 1.967351749509678838e+00 1.781500124061727863e-01
9.261744966442952531e+00 1.236482505150205830e-01 2.431243394131045399e+00 1.764887953757211247e-01
9.328859060402685088e+00 2.089318318449239209e-01 2.921621212399268419e+00 2.536978222053963283e-01
9.395973154362415869e+00 2.790234494211430438e-01 3.162572431774410386e+00 3.033541749166682525e-02
9.463087248322148426e+00 1.298769590708483690e-01 3.365480600828500091e+00 2.077352768091086377e-01
9.530201342281879207e+00 1.051915773359535233e-02 3.391460207588155917e+00 7.029202693956630721e-02
9.597315436241609987e+00 2.395424165332252497e-01 3.145040621720465168e+00 6.082522081339536424e-02
9.664429530201342544e+00 1.011800824859511103e-02 2.753671801351829540e+00 4.809627090984086584e-02
9.731543624161073325e+00 2.910321500268383405e-02 2.294141626847963966e+00 1.430414609472513143e-01
9.798657718120805882e+00 1.094339383607169786e-01 1.905338432654429148e+00 2.504388675662880814e-01
9.865771812080536662e+00 9.085326537457245888e-02 1.291221310922887611e+00 2.259145829624487067e-02
9.932885906040269219e+00 3.860102333625657633e-02 8.377189111024360146e-01 2.919177970490772211e-01
1.000000000000000000e+01 1.043569827114982085e-01 4.485361925915705150e-01 2.163820174169300559e-01
