5.459	0.0	
5.454	0.0	
5.449	0.0	
5.443	0.0	
5.438	0.0	
5.433	0.0	
5.428	0.0	
5.422	0.0	
5.417	0.0	
5.412	0.0	
5.406	0.0	
5.401	0.0	
5.396	0.0	
5.390	0.0	
5.385	0.0	
5.380	0.0	
5.375	0.0	
5.369	0.0	
5.364	0.0	
5.359	0.0	
5.353	0.0	
5.348	0.0	
5.343	0.0	
5.337	0.0	
5.332	0.0	
5.327	0.0	
5.322	0.0	
5.316	0.0	
5.311	0.0	
5.306	0.0	
5.300	0.0	
5.295	0.0	
5.290	0.0	
5.284	0.0	
5.279	0.0	
5.274	0.0	
5.269	0.0	
5.263	0.0	
5.258	0.0	
5.253	0.0	
5.247	0.0	
5.242	0.0	
5.237	0.0	
5.231	0.0	
5.226	0.0	
5.221	0.0	
5.216	0.0	
5.210	0.0	
5.205	0.0	
5.200	0.0	
5.194	0.0	
5.189	0.0	
5.184	0.0	
5.178	0.0	
5.173	0.0	
5.168	0.0	
5.162	0.0	
5.157	0.0	
5.152	0.0	
5.147	0.0	
5.141	0.0	
5.136	0.0	
5.131	0.0	
5.125	0.0	
5.120	0.0	
5.115	0.0	
5.109	0.0	
5.104	0.0	
5.099	0.0	
5.094	0.0	
5.088	0.0	
5.083	0.0	
5.078	0.0	
5.072	0.0	
5.067	0.0	
5.062	0.0	
5.056	0.0	
5.051	0.0	
5.046	0.0	
5.040	0.0	
5.035	0.0	
5.030	0.0	
5.025	0.0	
5.019	0.0	
5.014	0.0	
5.009	0.0	
5.003	0.0	
4.998	0.0	
4.993	0.0	
4.987	0.0	
4.982	0.0	
4.977	0.0	
4.971	0.0	
4.966	0.0	
4.961	0.0	
4.956	0.0	
4.950	0.0	
4.945	0.0	
4.940	0.0	
4.934	0.0	
4.929	0.0	
4.924	0.0	
4.918	0.0	
4.913	0.0	
4.908	0.0	
4.902	0.0	
4.897	0.0	
4.892	0.0	
4.887	0.0	
4.881	0.0	
4.876	0.0	
4.871	0.0	
4.865	0.0	
4.860	0.0	
4.855	0.0	
4.849	0.0	
4.844	0.0	
4.839	0.0	
4.833	0.0	
4.828	0.0	
4.823	0.0	
4.818	0.0	
4.812	0.0	
4.807	0.0	
4.802	0.0	
4.796	0.0	
4.791	0.0	
4.786	0.0	
4.780	0.0	
4.775	0.0	
4.770	0.0	
4.764	0.0	
4.759	0.0	
4.754	0.0	
4.748	0.0	
4.743	0.0	
4.738	0.0	
4.733	0.0	
4.727	0.0	
4.722	0.0	
4.717	0.0	
4.711	0.0	
4.706	0.0	
4.701	0.0	
4.695	0.0	
4.690	0.0	
4.685	0.0	
4.679	0.0	
4.674	0.0	
4.669	0.0	
4.663	0.0	
4.658	0.0	
4.653	0.0	
4.648	0.0	
4.642	0.0	
4.637	0.0	
4.632	0.0	
4.626	0.0	
4.621	0.0	
4.616	0.0	
4.610	0.0	
4.605	0.0	
4.600	0.0	
4.594	0.0	
4.589	0.0	
4.584	0.0	
4.578	0.0	
4.573	0.0	
4.568	0.0	
4.563	0.0	
4.557	0.0	
4.552	0.0	
4.547	0.0	
4.541	0.0	
4.536	0.0	
4.531	0.0	
4.525	0.0	
4.520	0.0	
4.515	0.0	
4.509	0.0	
4.504	0.0	
4.499	0.0	
4.493	0.0	
4.488	0.0	
4.483	0.0	
4.478	0.0	
4.472	0.0	
4.467	0.0	
4.462	0.0	
4.456	0.0	
4.451	0.0	
4.446	0.0	
4.440	0.0	
4.435	0.0	
4.430	0.0	
4.424	0.0	
4.419	0.0	
4.414	0.0	
4.408	0.0	
4.403	0.0	
4.398	0.0	
4.392	0.0	
4.387	0.0	
4.382	0.0	
4.377	0.0	
4.371	0.0	
4.366	0.0	
4.361	0.0	
4.355	0.0	
4.350	0.0	
4.345	0.0	
4.339	0.0	
4.334	0.0	
4.329	0.0	
4.323	0.0	
4.318	0.0	
4.313	0.0	
4.307	0.0	
4.302	0.0	
4.297	0.0	
4.291	0.0	
4.286	0.0	
4.281	0.0	
4.275	0.0	
4.270	0.0	
4.265	0.0	
4.260	0.0	
4.254	0.0	
4.249	0.4	
4.244	0.4	
4.238	0.4	
4.233	0.4	
4.228	0.4	
4.222	0.4	
4.217	0.0	
4.212	0.0	
4.206	0.0	
4.201	0.0	
4.196	0.0	
4.190	0.0	
4.185	0.0	
4.180	0.0	
4.174	0.0	
4.169	0.0	
4.164	0.4	
4.158	0.4	
4.153	0.4	
4.148	0.8	
4.143	0.8	
4.137	0.8	
4.132	0.8	
4.127	0.8	
4.121	0.4	
4.116	0.4	
4.111	0.4	
4.105	0.4	
4.100	0.4	
4.095	0.4	
4.089	0.4	
4.084	0.4	
4.079	0.4	
4.073	0.4	
4.068	0.8	
4.063	1.2	
4.057	1.2	
4.052	1.2	
4.047	1.2	
4.041	1.2	
4.036	1.2	
4.031	0.8	
4.025	0.8	
4.020	0.8	
4.015	0.8	
4.009	0.8	
4.004	0.8	
3.999	0.8	
3.994	0.8	
3.988	0.8	
3.983	0.8	
3.978	1.2	
3.972	1.6	
3.967	2.0	
3.962	2.4	
3.956	2.8	
3.951	2.8	
3.946	2.4	
3.940	2.0	
3.935	1.6	
3.930	1.2	
3.924	0.8	
3.919	0.8	
3.914	0.8	
3.908	0.8	
3.903	0.8	
3.898	0.8	
3.892	0.8	
3.887	1.2	
3.882	1.6	
3.876	2.4	
3.871	3.2	
3.866	3.6	
3.860	4.0	
3.855	4.0	
3.850	3.6	
3.844	3.2	
3.839	2.8	
3.834	2.4	
3.829	2.0	
3.823	1.6	
3.818	1.2	
3.813	1.2	
3.807	1.2	
3.802	1.2	
3.797	1.6	
3.791	1.6	
3.786	2.0	
3.781	2.8	
3.775	3.6	
3.770	4.8	
3.765	5.6	
3.759	6.0	
3.754	5.6	
3.749	4.8	
3.743	4.4	
3.738	3.6	
3.733	2.8	
3.727	2.4	
3.722	2.0	
3.717	1.6	
3.711	1.6	
3.706	1.6	
3.701	1.6	
3.695	2.0	
3.690	2.4	
3.685	2.8	
3.679	3.6	
3.674	4.8	
3.669	6.0	
3.663	7.6	
3.658	8.0	
3.653	7.6	
3.647	6.8	
3.642	5.6	
3.637	4.8	
3.632	4.0	
3.626	3.2	
3.621	2.8	
3.616	2.4	
3.610	2.0	
3.605	2.0	
3.600	2.0	
3.594	2.4	
3.589	2.8	
3.584	3.6	
3.578	4.4	
3.573	5.6	
3.568	7.2	
3.562	8.8	
3.557	9.6	
3.552	10.0	
3.546	9.2	
3.541	8.0	
3.536	6.8	
3.530	5.6	
3.525	4.8	
3.520	4.0	
3.514	3.2	
3.509	2.8	
3.504	2.8	
3.498	2.8	
3.493	2.8	
3.488	2.8	
3.482	3.2	
3.477	4.0	
3.472	5.6	
3.466	7.2	
3.461	8.8	
3.456	10.4	
3.450	11.6	
3.445	11.6	
3.440	11.2	
3.434	10.0	
3.429	8.8	
3.424	7.2	
3.418	6.0	
3.413	5.2	
3.408	4.4	
3.402	3.6	
3.397	3.2	
3.392	2.8	
3.386	2.8	
3.381	2.8	
3.376	3.2	
3.370	4.0	
3.365	5.2	
3.360	7.2	
3.354	9.6	
3.349	11.6	
3.344	12.8	
3.338	13.6	
3.333	13.6	
3.328	12.8	
3.322	11.2	
3.317	9.6	
3.312	8.0	
3.306	6.8	
3.301	5.6	
3.296	4.8	
3.291	4.4	
3.285	3.6	
3.280	3.2	
3.275	3.2	
3.269	3.2	
3.264	3.6	
3.259	4.4	
3.253	6.0	
3.248	8.0	
3.243	10.4	
3.237	12.8	
3.232	14.4	
3.227	15.2	
3.221	14.8	
3.216	14.0	
3.211	12.8	
3.205	11.2	
3.200	9.6	
3.195	8.0	
3.189	6.8	
3.184	6.0	
3.179	5.2	
3.173	4.4	
3.168	4.0	
3.163	3.6	
3.157	3.6	
3.152	3.6	
3.147	4.0	
3.141	4.8	
3.136	6.4	
3.131	8.4	
3.125	11.2	
3.120	13.6	
3.115	15.2	
3.109	16.4	
3.104	16.8	
3.099	16.0	
3.093	14.8	
3.088	12.8	
3.083	11.2	
3.077	9.6	
3.072	8.0	
3.067	6.8	
3.061	6.0	
3.056	5.2	
3.051	4.4	
3.045	4.0	
3.040	3.6	
3.035	3.6	
3.029	3.6	
3.024	4.0	
3.019	5.2	
3.013	6.8	
3.008	9.6	
3.003	13.2	
2.997	16.4	
2.992	18.8	
2.987	19.6	
2.981	19.6	
2.976	18.4	
2.971	16.4	
2.965	14.4	
2.960	12.0	
2.955	10.0	
2.949	8.4	
2.944	7.2	
2.939	6.0	
2.933	5.2	
2.928	4.4	
2.923	4.0	
2.917	3.6	
2.912	3.6	
2.907	3.6	
2.901	4.0	
2.896	4.0	
2.891	5.2	
2.885	7.2	
2.880	10.4	
2.875	14.4	
2.869	18.0	
2.864	20.4	
2.859	21.6	
2.853	21.2	
2.848	19.6	
2.843	17.6	
2.837	15.2	
2.832	12.8	
2.827	10.8	
2.821	9.2	
2.816	8.0	
2.811	6.8	
2.805	5.6	
2.800	4.8	
2.795	4.4	
2.789	4.0	
2.784	3.6	
2.779	3.6	
2.773	3.6	
2.768	4.0	
2.763	4.4	
2.757	5.2	
2.752	7.2	
2.747	10.0	
2.741	14.0	
2.736	20.0	
2.731	22.4	
2.725	24.0	
2.720	24.4	
2.715	23.6	
2.709	21.2	
2.704	18.4	
2.699	15.6	
2.693	12.8	
2.688	10.8	
2.683	8.8	
2.677	7.6	
2.672	6.4	
2.667	5.2	
2.661	4.8	
2.656	4.4	
2.651	4.0	
2.645	4.0	
2.640	3.6	
2.635	3.6	
2.629	4.0	
2.624	4.0	
2.619	4.8	
2.613	6.0	
2.608	8.0	
2.602	12.0	
2.597	17.2	
2.592	22.4	
2.586	25.6	
2.581	27.2	
2.576	26.8	
2.570	24.8	
2.565	22.0	
2.560	19.2	
2.554	16.0	
2.549	13.2	
2.544	10.8	
2.538	8.8	
2.533	7.6	
2.528	6.4	
2.522	5.6	
2.517	4.8	
2.512	4.4	
2.506	4.0	
2.501	4.0	
2.496	4.0	
2.490	4.0	
2.485	4.0	
2.480	4.0	
2.474	4.4	
2.469	4.8	
2.464	6.0	
2.458	8.0	
2.453	11.2	
2.448	16.4	
2.442	22.4	
2.437	27.2	
2.432	29.6	
2.426	30.0	
2.421	28.8	
2.416	26.0	
2.410	22.8	
2.405	19.2	
2.400	16.0	
2.394	13.2	
2.389	11.2	
2.384	9.2	
2.378	8.0	
2.373	6.8	
2.368	6.0	
2.362	5.2	
2.357	4.8	
2.352	4.4	
2.346	4.0	
2.341	4.0	
2.336	4.0	
2.330	4.0	
2.325	4.0	
2.320	4.0	
2.314	4.4	
2.309	5.2	
2.304	6.4	
2.298	8.0	
2.293	10.8	
2.288	15.6	
2.282	22.0	
2.277	27.6	
2.272	31.6	
2.266	33.2	
2.261	32.4	
2.256	30.0	
2.250	26.8	
2.245	22.8	
2.240	19.2	
2.234	16.0	
2.229	13.2	
2.223	11.2	
2.218	9.2	
2.213	8.0	
2.207	7.2	
2.202	6.4	
2.197	5.6	
2.191	4.8	
2.186	4.4	
2.181	4.0	
2.175	4.0	
2.170	4.0	
2.165	4.0	
2.159	4.0	
2.154	4.0	
2.149	4.0	
2.143	4.4	
2.138	5.2	
2.133	6.0	
2.127	7.2	
2.122	9.2	
2.117	12.8	
2.111	18.0	
2.106	24.4	
2.101	30.4	
2.095	34.4	
2.090	36.0	
2.085	35.2	
2.079	32.4	
2.074	28.8	
2.069	24.8	
2.063	21.2	
2.058	17.6	
2.053	14.8	
2.047	12.4	
2.042	10.8	
2.037	9.2	
2.031	8.0	
2.026	7.2	
2.021	6.4	
2.015	5.6	
2.010	4.8	
2.005	4.4	
1.999	4.4	
1.994	4.4	
1.989	4.4	
1.983	4.4	
1.978	4.4	
1.972	4.4	
1.967	4.4	
1.962	4.4	
1.956	4.8	
1.951	5.2	
1.946	6.0	
1.940	7.2	
1.935	8.8	
1.930	11.2	
1.924	15.6	
1.919	22.0	
1.914	28.8	
1.908	34.8	
1.903	38.4	
1.898	39.2	
1.892	38.0	
1.887	35.2	
1.882	31.6	
1.876	28.0	
1.871	24.0	
1.866	20.4	
1.860	17.2	
1.855	14.8	
1.850	12.4	
1.844	10.8	
1.839	9.2	
1.834	8.4	
1.828	7.2	
1.823	6.4	
1.818	6.0	
1.812	5.6	
1.807	5.2	
1.802	4.8	
1.796	4.4	
1.791	4.4	
1.786	4.4	
1.780	4.4	
1.775	4.4	
1.769	4.4	
1.764	4.4	
1.759	4.4	
1.753	4.4	
1.748	4.8	
1.743	5.2	
1.737	6.0	
1.732	6.8	
1.727	8.0	
1.721	10.0	
1.716	13.2	
1.711	18.0	
1.705	24.4	
1.700	31.6	
1.695	38.0	
1.689	42.0	
1.684	43.2	
1.679	42.0	
1.673	39.6	
1.668	36.0	
1.663	32.4	
1.657	28.8	
1.652	25.2	
1.647	21.6	
1.641	18.8	
1.636	16.4	
1.631	14.0	
1.625	12.0	
1.620	10.4	
1.615	9.2	
1.609	8.4	
1.604	7.6	
1.599	6.8	
1.593	6.4	
1.588	6.0	
1.582	5.6	
1.577	5.2	
1.572	4.8	
1.566	4.8	
1.561	4.4	
1.556	4.4	
1.550	4.4	
1.545	4.4	
1.540	4.4	
1.534	4.4	
1.529	4.4	
1.524	4.8	
1.518	5.2	
1.513	5.6	
1.508	6.0	
1.502	6.4	
1.497	6.8	
1.492	7.6	
1.486	8.8	
1.481	10.8	
1.476	13.2	
1.470	16.8	
1.465	22.0	
1.460	28.4	
1.454	35.2	
1.449	40.8	
1.444	44.8	
1.438	46.4	
1.433	45.6	
1.428	43.6	
1.422	40.4	
1.417	36.8	
1.411	32.8	
1.406	29.2	
1.401	26.0	
1.395	23.2	
1.390	20.8	
1.385	18.4	
1.379	16.4	
1.374	14.8	
1.369	13.2	
1.363	12.0	
1.358	10.8	
1.353	9.6	
1.347	8.8	
1.342	8.0	
1.337	7.6	
1.331	6.8	
1.326	6.4	
1.321	6.0	
1.315	5.6	
1.310	5.2	
1.305	5.2	
1.299	5.2	
1.294	4.8	
1.289	4.8	
1.283	4.4	
1.278	4.4	
1.273	4.4	
1.267	4.4	
1.262	4.4	
1.256	4.4	
1.251	4.4	
1.246	4.4	
1.240	4.8	
1.235	4.8	
1.230	4.8	
1.224	4.8	
1.219	5.2	
1.214	5.6	
1.208	6.0	
1.203	7.2	
1.198	8.4	
1.192	10.0	
1.187	12.4	
1.182	15.2	
1.176	18.4	
1.171	23.2	
1.166	28.8	
1.160	34.8	
1.155	40.8	
1.150	45.6	
1.144	48.8	
1.139	50.4	
1.134	50.4	
1.128	49.2	
1.123	46.8	
1.118	44.0	
1.112	40.8	
1.107	38.0	
1.101	35.2	
1.096	32.4	
1.091	29.6	
1.085	27.2	
1.080	24.8	
1.075	22.4	
1.069	20.4	
1.064	18.4	
1.059	16.8	
1.053	15.2	
1.048	14.0	
1.043	12.8	
1.037	11.6	
1.032	10.4	
1.027	9.6	
1.021	9.2	
1.016	8.4	
1.011	8.0	
1.005	7.6	
1.000	7.2	
0.995	6.8	
0.989	6.4	
0.984	6.0	
0.979	6.0	
0.973	5.6	
0.968	5.6	
0.962	5.2	
0.957	5.2	
0.952	5.2	
0.946	5.2	
0.941	5.2	
0.936	5.2	
0.930	4.8	
0.925	4.8	
0.920	4.8	
0.914	4.8	
0.909	4.4	
0.904	4.4	
0.898	4.4	
0.893	4.4	
0.888	4.4	
0.882	4.4	
0.877	4.4	
0.872	4.4	
0.866	4.8	
0.861	5.2	
0.856	5.6	
0.850	6.0	
0.845	6.4	
0.840	6.8	
0.834	7.2	
0.829	7.6	
0.823	8.4	
0.818	8.8	
0.813	9.6	
0.807	10.4	
0.802	11.2	
0.797	12.4	
0.791	14.0	
0.786	16.0	
0.781	18.4	
0.775	21.2	
0.770	24.4	
0.765	28.0	
0.759	32.4	
0.754	37.2	
0.749	42.0	
0.743	46.4	
0.738	50.0	
0.733	52.8	
0.727	54.8	
0.722	55.6	
0.717	55.6	
0.711	55.2	
0.706	53.6	
0.701	51.6	
0.695	49.6	
0.690	47.6	
0.684	45.6	
0.679	43.2	
0.674	41.2	
0.668	39.2	
0.663	37.6	
0.658	35.6	
0.652	33.6	
0.647	31.6	
0.642	30.0	
0.636	28.4	
0.631	27.2	
0.626	25.6	
0.620	24.0	
0.615	22.8	
0.610	21.6	
0.604	20.4	
0.599	19.6	
0.594	18.4	
0.588	17.6	
0.583	16.8	
0.578	15.6	
0.572	14.8	
0.567	14.0	
0.561	13.2	
0.556	12.4	
0.551	12.0	
0.545	11.2	
0.540	10.8	
0.535	10.4	
0.529	10.0	
0.524	9.6	
0.519	9.2	
0.513	8.8	
0.508	8.4	
0.503	8.0	
0.497	7.6	
0.492	7.2	
0.487	7.2	
0.481	7.2	
0.476	7.2	
0.471	6.8	
0.465	6.8	
0.460	6.4	
0.455	6.4	
0.449	6.4	
0.444	6.0	
0.438	6.0	
0.433	6.0	
0.428	6.0	
0.422	6.0	
0.417	6.0	
0.412	6.0	
0.406	5.6	
0.401	5.6	
0.396	5.2	
0.390	5.2	
0.385	5.2	
0.380	5.2	
0.374	5.2	
0.369	5.2	
0.364	5.2	
0.358	5.2	
0.353	5.2	
0.348	5.2	
0.342	5.2	
0.337	5.2	
0.332	5.2	
0.326	5.2	
0.321	4.8	
0.316	4.8	
0.310	4.8	
0.305	4.8	
0.299	4.8	
0.294	4.8	
0.289	4.8	
0.283	4.8	
0.278	4.8	
0.273	4.8	
0.267	4.8	
0.262	4.8	
0.257	4.8	
0.251	4.8	
0.246	4.8	
0.241	4.8	
0.235	4.4	
0.230	4.4	
0.225	4.8	
0.219	4.8	
0.214	4.8	
0.209	4.8	
0.203	4.8	
0.198	4.8	
0.193	4.8	
0.187	4.8	
0.182	4.8	
0.176	4.8	
0.171	4.8	
0.166	4.8	
0.160	4.8	
0.155	4.8	
0.150	4.8	
0.144	4.8	
0.139	4.8	
0.134	4.8	
0.128	4.8	
0.123	4.8	
0.118	4.8	
0.112	4.8	
0.107	4.8	
0.102	5.2	
0.096	5.2	
0.091	5.2	
0.086	5.2	
0.080	5.2	
0.075	5.2	
0.070	5.2	
0.064	5.2	
0.059	5.2	
0.053	5.2	
0.048	5.2	
0.043	5.2	
0.037	5.2	
0.032	5.2	
0.027	5.2	
0.021	5.2	
0.016	5.2	
0.011	5.2	
0.005	5.2	
0.000	5.2	
-0.005	5.2	
-0.011	5.2	
-0.016	5.2	
-0.021	5.2	
-0.027	5.2	
-0.032	5.2	
-0.037	5.2	
-0.043	5.2	
-0.048	5.2	
-0.053	5.2	
-0.059	5.2	
-0.064	5.2	
-0.070	5.2	
-0.075	5.2	
-0.080	5.2	
-0.086	5.2	
-0.091	5.2	
-0.096	5.2	
-0.102	5.2	
-0.107	5.2	
-0.112	5.2	
-0.118	5.2	
-0.123	4.8	
-0.128	4.8	
-0.134	4.8	
-0.139	4.8	
-0.144	4.8	
-0.150	4.8	
-0.155	4.8	
-0.160	4.8	
-0.166	5.2	
-0.171	5.2	
-0.176	5.2	
-0.182	5.2	
-0.187	5.2	
-0.193	5.2	
-0.198	5.2	
-0.203	5.2	
-0.209	5.2	
-0.214	5.2	
-0.219	5.2	
-0.225	4.8	
-0.230	4.8	
-0.235	4.8	
-0.241	4.8	
-0.246	4.8	
-0.251	4.8	
-0.257	4.8	
-0.262	4.8	
-0.267	4.8	
-0.273	4.8	
-0.278	4.8	
-0.283	4.8	
-0.289	4.4	
-0.294	4.8	
-0.299	4.8	
-0.305	4.8	
-0.310	4.8	
-0.316	4.8	
-0.321	4.8	
-0.326	5.2	
-0.332	5.2	
-0.337	5.2	
-0.342	5.2	
-0.348	5.2	
-0.353	5.2	
-0.358	5.2	
-0.364	5.2	
-0.369	5.2	
-0.374	5.2	
-0.380	5.2	
-0.385	5.2	
-0.390	5.2	
-0.396	5.2	
-0.401	5.2	
-0.406	5.6	
-0.412	5.6	
-0.417	5.6	
-0.422	5.6	
-0.428	5.6	
-0.433	5.6	
-0.438	5.6	
-0.444	6.0	
-0.449	6.0	
-0.455	6.4	
-0.460	6.4	
-0.465	6.4	
-0.471	6.4	
-0.476	6.4	
-0.481	6.8	
-0.487	7.2	
-0.492	7.2	
-0.497	7.2	
-0.503	7.2	
-0.508	7.6	
-0.513	8.0	
-0.519	8.4	
-0.524	8.8	
-0.529	9.2	
-0.535	9.6	
-0.540	9.6	
-0.545	10.0	
-0.551	10.4	
-0.556	10.8	
-0.561	11.6	
-0.567	12.0	
-0.572	12.8	
-0.578	13.6	
-0.583	14.0	
-0.588	14.8	
-0.594	16.0	
-0.599	16.8	
-0.604	18.0	
-0.610	19.2	
-0.615	20.8	
-0.620	22.0	
-0.626	23.6	
-0.631	25.2	
-0.636	26.8	
-0.642	28.4	
-0.647	30.4	
-0.652	32.4	
-0.658	34.8	
-0.663	37.2	
-0.668	39.6	
-0.674	42.4	
-0.679	44.4	
-0.684	46.8	
-0.690	49.2	
-0.695	51.2	
-0.701	53.2	
-0.706	54.4	
-0.711	55.6	
-0.717	56.4	
-0.722	56.4	
-0.727	55.6	
-0.733	54.8	
-0.738	53.6	
-0.743	51.2	
-0.749	48.4	
-0.754	45.2	
-0.759	41.6	
-0.765	37.6	
-0.770	33.6	
-0.775	29.6	
-0.781	26.0	
-0.786	22.8	
-0.791	20.0	
-0.797	17.6	
-0.802	15.6	
-0.807	14.0	
-0.813	12.4	
-0.818	11.2	
-0.823	10.4	
-0.829	9.6	
-0.834	8.8	
-0.840	8.0	
-0.845	7.6	
-0.850	7.2	
-0.856	6.8	
-0.861	6.4	
-0.866	6.4	
-0.872	6.0	
-0.877	5.6	
-0.882	5.6	
-0.888	5.6	
-0.893	5.2	
-0.898	5.2	
-0.904	5.2	
-0.909	5.2	
-0.914	5.2	
-0.920	5.2	
-0.925	4.8	
-0.930	4.8	
-0.936	4.8	
-0.941	4.8	
-0.946	4.8	
-0.952	4.8	
-0.957	4.8	
-0.962	4.8	
-0.968	4.8	
-0.973	5.2	
-0.979	5.2	
-0.984	5.6	
-0.989	5.6	
-0.995	5.6	
-1.000	6.0	
-1.005	6.4	
-1.011	6.8	
-1.016	7.2	
-1.021	7.2	
-1.027	7.6	
-1.032	8.0	
-1.037	8.8	
-1.043	9.6	
-1.048	10.4	
-1.053	11.6	
-1.059	12.8	
-1.064	14.4	
-1.069	16.0	
-1.075	18.4	
-1.080	20.8	
-1.085	23.6	
-1.091	26.4	
-1.096	29.6	
-1.101	32.8	
-1.107	36.4	
-1.112	39.6	
-1.118	42.8	
-1.123	45.6	
-1.128	47.6	
-1.134	49.2	
-1.139	49.6	
-1.144	48.8	
-1.150	47.6	
-1.155	46.0	
-1.160	43.2	
-1.166	39.6	
-1.171	35.2	
-1.176	30.8	
-1.182	26.4	
-1.187	22.0	
-1.192	18.4	
-1.198	15.2	
-1.203	12.8	
-1.208	11.2	
-1.214	10.0	
-1.219	8.8	
-1.224	8.0	
-1.230	7.2	
-1.235	6.8	
-1.240	6.4	
-1.246	6.0	
-1.251	5.6	
-1.256	5.6	
-1.262	5.2	
-1.267	5.2	
-1.273	5.2	
-1.278	5.2	
-1.283	4.8	
-1.289	4.8	
-1.294	4.8	
-1.299	4.8	
-1.305	4.8	
-1.310	5.2	
-1.315	5.2	
-1.321	5.6	
-1.326	6.0	
-1.331	6.0	
-1.337	6.4	
-1.342	6.8	
-1.347	6.8	
-1.353	7.2	
-1.358	8.0	
-1.363	8.8	
-1.369	9.6	
-1.374	10.8	
-1.379	12.4	
-1.385	14.4	
-1.390	16.8	
-1.395	19.6	
-1.401	22.8	
-1.406	26.4	
-1.411	30.0	
-1.417	34.0	
-1.422	38.0	
-1.428	41.2	
-1.433	43.6	
-1.438	44.8	
-1.444	45.2	
-1.449	44.8	
-1.454	43.6	
-1.460	41.2	
-1.465	38.0	
-1.470	33.6	
-1.476	28.4	
-1.481	23.2	
-1.486	18.8	
-1.492	15.2	
-1.497	12.8	
-1.502	10.8	
-1.508	9.2	
-1.513	8.0	
-1.518	7.2	
-1.524	6.4	
-1.529	6.0	
-1.534	5.6	
-1.540	5.2	
-1.545	4.8	
-1.550	4.8	
-1.556	4.8	
-1.561	4.8	
-1.566	4.8	
-1.572	4.8	
-1.577	4.8	
-1.582	4.8	
-1.588	5.2	
-1.593	5.6	
-1.599	6.0	
-1.604	6.4	
-1.609	6.8	
-1.615	7.2	
-1.620	7.6	
-1.625	8.4	
-1.631	9.6	
-1.636	11.2	
-1.641	13.2	
-1.647	15.6	
-1.652	18.8	
-1.657	22.4	
-1.663	26.0	
-1.668	30.0	
-1.673	33.6	
-1.679	37.2	
-1.684	40.0	
-1.689	41.6	
-1.695	42.4	
-1.700	42.0	
-1.705	40.4	
-1.711	37.6	
-1.716	33.6	
-1.721	28.0	
-1.727	22.4	
-1.732	17.2	
-1.737	13.6	
-1.743	10.8	
-1.748	9.2	
-1.753	7.6	
-1.759	6.8	
-1.764	6.0	
-1.769	5.6	
-1.775	5.2	
-1.780	4.8	
-1.786	4.8	
-1.791	4.4	
-1.796	4.4	
-1.802	4.4	
-1.807	4.4	
-1.812	4.8	
-1.818	4.8	
-1.823	5.2	
-1.828	5.6	
-1.834	6.0	
-1.839	6.8	
-1.844	7.2	
-1.850	8.0	
-1.855	9.2	
-1.860	10.8	
-1.866	13.2	
-1.871	16.0	
-1.876	19.6	
-1.882	23.2	
-1.887	27.2	
-1.892	31.2	
-1.898	34.8	
-1.903	37.6	
-1.908	39.6	
-1.914	40.0	
-1.919	39.2	
-1.924	36.8	
-1.930	33.2	
-1.935	28.0	
-1.940	22.4	
-1.946	17.2	
-1.951	13.6	
-1.956	10.8	
-1.962	8.8	
-1.967	7.2	
-1.972	6.4	
-1.978	5.6	
-1.983	5.2	
-1.989	4.8	
-1.994	4.4	
-1.999	4.4	
-2.005	4.4	
-2.010	4.4	
-2.015	4.4	
-2.021	4.8	
-2.026	5.2	
-2.031	5.6	
-2.037	6.0	
-2.042	6.4	
-2.047	7.2	
-2.053	8.4	
-2.058	9.6	
-2.063	11.6	
-2.069	14.4	
-2.074	17.6	
-2.079	21.6	
-2.085	26.0	
-2.090	30.0	
-2.095	33.6	
-2.101	36.0	
-2.106	37.2	
-2.111	37.6	
-2.117	36.0	
-2.122	32.8	
-2.127	28.0	
-2.133	22.4	
-2.138	17.2	
-2.143	13.2	
-2.149	10.0	
-2.154	8.0	
-2.159	6.8	
-2.165	6.0	
-2.170	5.2	
-2.175	4.8	
-2.181	4.4	
-2.186	4.4	
-2.191	4.4	
-2.197	4.4	
-2.202	4.4	
-2.207	4.8	
-2.213	5.2	
-2.218	5.6	
-2.223	6.0	
-2.229	6.8	
-2.234	8.0	
-2.240	9.6	
-2.245	11.6	
-2.250	14.4	
-2.256	17.2	
-2.261	20.8	
-2.266	24.4	
-2.272	28.4	
-2.277	32.0	
-2.282	34.8	
-2.288	35.6	
-2.293	34.8	
-2.298	32.0	
-2.304	27.6	
-2.309	22.0	
-2.314	16.8	
-2.320	12.4	
-2.325	9.6	
-2.330	7.6	
-2.336	6.4	
-2.341	5.6	
-2.346	4.8	
-2.352	4.4	
-2.357	4.4	
-2.362	4.4	
-2.368	4.4	
-2.373	4.4	
-2.378	4.8	
-2.384	5.2	
-2.389	5.6	
-2.394	6.0	
-2.400	6.8	
-2.405	8.4	
-2.410	10.4	
-2.416	12.8	
-2.421	16.4	
-2.426	20.4	
-2.432	24.4	
-2.437	28.0	
-2.442	30.8	
-2.448	33.2	
-2.453	34.4	
-2.458	33.6	
-2.464	30.8	
-2.469	25.6	
-2.474	19.6	
-2.480	14.8	
-2.485	11.2	
-2.490	8.8	
-2.496	6.8	
-2.501	5.6	
-2.506	4.8	
-2.512	4.4	
-2.517	4.4	
-2.522	4.4	
-2.528	4.4	
-2.533	4.4	
-2.538	4.8	
-2.544	5.2	
-2.549	5.6	
-2.554	6.4	
-2.560	7.2	
-2.565	8.8	
-2.570	11.2	
-2.576	14.0	
-2.581	18.0	
-2.586	22.0	
-2.592	26.0	
-2.597	29.2	
-2.602	31.6	
-2.608	32.8	
-2.613	32.0	
-2.619	28.8	
-2.624	23.2	
-2.629	17.2	
-2.635	12.8	
-2.640	9.6	
-2.645	7.6	
-2.651	6.0	
-2.656	5.2	
-2.661	4.8	
-2.667	4.4	
-2.672	4.4	
-2.677	4.4	
-2.683	4.4	
-2.688	4.4	
-2.693	4.8	
-2.699	5.2	
-2.704	6.0	
-2.709	7.2	
-2.715	8.8	
-2.720	11.2	
-2.725	14.8	
-2.731	18.4	
-2.736	24.0	
-2.741	26.4	
-2.747	29.2	
-2.752	31.6	
-2.757	32.0	
-2.763	29.2	
-2.768	23.6	
-2.773	17.6	
-2.779	12.8	
-2.784	9.6	
-2.789	7.2	
-2.795	5.6	
-2.800	4.8	
-2.805	4.4	
-2.811	4.0	
-2.816	4.0	
-2.821	4.0	
-2.827	4.4	
-2.832	4.8	
-2.837	5.2	
-2.843	6.0	
-2.848	7.2	
-2.853	8.8	
-2.859	11.2	
-2.864	14.0	
-2.869	17.6	
-2.875	21.2	
-2.880	24.4	
-2.885	27.6	
-2.891	30.0	
-2.896	30.4	
-2.901	27.6	
-2.907	22.0	
-2.912	16.0	
-2.917	11.6	
-2.923	8.8	
-2.928	6.8	
-2.933	5.6	
-2.939	4.8	
-2.944	4.4	
-2.949	4.4	
-2.955	4.4	
-2.960	4.4	
-2.965	4.8	
-2.971	5.2	
-2.976	5.6	
-2.981	6.8	
-2.987	8.4	
-2.992	10.8	
-2.997	14.0	
-3.003	17.2	
-3.008	20.8	
-3.013	24.0	
-3.019	27.2	
-3.024	29.6	
-3.029	29.6	
-3.035	25.2	
-3.040	18.8	
-3.045	13.6	
-3.051	9.6	
-3.056	7.2	
-3.061	5.6	
-3.067	4.8	
-3.072	4.4	
-3.077	4.0	
-3.083	4.0	
-3.088	4.0	
-3.093	4.4	
-3.099	4.8	
-3.104	5.6	
-3.109	6.4	
-3.115	8.4	
-3.120	10.8	
-3.125	13.6	
-3.131	16.8	
-3.136	20.0	
-3.141	22.8	
-3.147	26.0	
-3.152	28.4	
-3.157	26.8	
-3.163	21.2	
-3.168	15.2	
-3.173	10.8	
-3.179	8.0	
-3.184	6.0	
-3.189	5.2	
-3.195	4.4	
-3.200	4.4	
-3.205	4.0	
-3.211	4.0	
-3.216	4.4	
-3.221	4.8	
-3.227	5.6	
-3.232	6.8	
-3.237	8.4	
-3.243	10.8	
-3.248	13.6	
-3.253	16.8	
-3.259	20.0	
-3.264	23.2	
-3.269	26.0	
-3.275	27.2	
-3.280	23.6	
-3.285	17.6	
-3.291	12.0	
-3.296	8.4	
-3.301	6.0	
-3.306	4.8	
-3.312	4.4	
-3.317	4.0	
-3.322	4.0	
-3.328	4.0	
-3.333	4.0	
-3.338	4.4	
-3.344	5.2	
-3.349	6.4	
-3.354	8.0	
-3.360	10.4	
-3.365	13.2	
-3.370	16.0	
-3.376	18.8	
-3.381	22.0	
-3.386	25.2	
-3.392	26.0	
-3.397	22.4	
-3.402	16.4	
-3.408	11.6	
-3.413	8.4	
-3.418	6.4	
-3.424	5.2	
-3.429	4.4	
-3.434	4.0	
-3.440	4.0	
-3.445	4.0	
-3.450	4.4	
-3.456	5.2	
-3.461	6.0	
-3.466	7.6	
-3.472	9.2	
-3.477	11.6	
-3.482	14.4	
-3.488	17.2	
-3.493	20.4	
-3.498	23.6	
-3.504	24.8	
-3.509	21.2	
-3.514	15.6	
-3.520	10.8	
-3.525	7.6	
-3.530	6.0	
-3.536	4.8	
-3.541	4.4	
-3.546	4.0	
-3.552	4.0	
-3.557	4.0	
-3.562	4.4	
-3.568	5.2	
-3.573	6.4	
-3.578	8.0	
-3.584	10.0	
-3.589	12.4	
-3.594	15.2	
-3.600	18.0	
-3.605	21.2	
-3.610	23.6	
-3.616	22.0	
-3.621	16.8	
-3.626	12.0	
-3.632	8.4	
-3.637	6.4	
-3.642	5.2	
-3.647	4.4	
-3.653	4.0	
-3.658	4.0	
-3.663	4.0	
-3.669	4.4	
-3.674	5.2	
-3.679	6.0	
-3.685	7.6	
-3.690	9.6	
-3.695	12.0	
-3.701	14.8	
-3.706	17.6	
-3.711	20.4	
-3.717	22.0	
-3.722	20.0	
-3.727	14.8	
-3.733	10.4	
-3.738	7.2	
-3.743	5.6	
-3.749	4.4	
-3.754	4.0	
-3.759	4.0	
-3.765	4.0	
-3.770	4.4	
-3.775	4.8	
-3.781	5.6	
-3.786	6.8	
-3.791	8.4	
-3.797	10.8	
-3.802	13.2	
-3.807	16.0	
-3.813	18.4	
-3.818	20.4	
-3.823	18.8	
-3.829	14.4	
-3.834	10.4	
-3.839	7.2	
-3.844	5.6	
-3.850	4.8	
-3.855	4.0	
-3.860	4.0	
-3.866	4.0	
-3.871	4.0	
-3.876	4.4	
-3.882	5.6	
-3.887	6.8	
-3.892	8.4	
-3.898	10.8	
-3.903	13.6	
-3.908	16.0	
-3.914	18.0	
-3.919	18.4	
-3.924	15.6	
-3.930	11.6	
-3.935	8.0	
-3.940	6.0	
-3.946	4.8	
-3.951	4.0	
-3.956	3.6	
-3.962	3.6	
-3.967	3.6	
-3.972	4.0	
-3.978	4.8	
-3.983	6.0	
-3.988	7.6	
-3.994	10.0	
-3.999	12.4	
-4.004	14.8	
-4.009	16.8	
-4.015	17.6	
-4.020	15.6	
-4.025	11.6	
-4.031	8.4	
-4.036	6.0	
-4.041	4.4	
-4.047	3.6	
-4.052	3.2	
-4.057	3.2	
-4.063	3.6	
-4.068	4.0	
-4.073	4.8	
-4.079	6.0	
-4.084	7.6	
-4.089	9.6	
-4.095	12.0	
-4.100	14.0	
-4.105	15.2	
-4.111	14.8	
-4.116	12.4	
-4.121	9.2	
-4.127	6.8	
-4.132	5.2	
-4.137	4.4	
-4.143	3.6	
-4.148	3.2	
-4.153	3.2	
-4.158	3.6	
-4.164	4.0	
-4.169	4.8	
-4.174	6.0	
-4.180	8.0	
-4.185	10.4	
-4.190	12.8	
-4.196	14.4	
-4.201	14.4	
-4.206	12.4	
-4.212	9.6	
-4.217	6.8	
-4.222	4.8	
-4.228	3.6	
-4.233	3.2	
-4.238	2.8	
-4.244	2.8	
-4.249	2.8	
-4.254	3.2	
-4.260	4.0	
-4.265	5.2	
-4.270	7.2	
-4.275	9.6	
-4.281	12.0	
-4.286	13.2	
-4.291	12.8	
-4.297	11.2	
-4.302	8.4	
-4.307	6.0	
-4.313	4.4	
-4.318	3.6	
-4.323	2.8	
-4.329	2.8	
-4.334	2.8	
-4.339	2.8	
-4.345	3.2	
-4.350	4.0	
-4.355	5.2	
-4.361	7.2	
-4.366	9.6	
-4.371	11.6	
-4.377	12.4	
-4.382	11.2	
-4.387	8.8	
-4.392	6.4	
-4.398	4.8	
-4.403	3.6	
-4.408	2.8	
-4.414	2.4	
-4.419	2.0	
-4.424	2.0	
-4.430	2.4	
-4.435	3.2	
-4.440	4.0	
-4.446	5.6	
-4.451	7.6	
-4.456	9.6	
-4.462	10.8	
-4.467	10.0	
-4.472	8.0	
-4.478	6.0	
-4.483	4.4	
-4.488	3.2	
-4.493	2.4	
-4.499	2.0	
-4.504	1.6	
-4.509	1.6	
-4.515	1.6	
-4.520	2.4	
-4.525	3.2	
-4.531	4.4	
-4.536	6.0	
-4.541	7.6	
-4.547	8.8	
-4.552	8.0	
-4.557	6.0	
-4.563	4.4	
-4.568	3.2	
-4.573	2.4	
-4.578	2.0	
-4.584	1.6	
-4.589	1.6	
-4.594	1.6	
-4.600	1.6	
-4.605	2.0	
-4.610	2.8	
-4.616	4.0	
-4.621	5.2	
-4.626	6.4	
-4.632	6.8	
-4.637	6.0	
-4.642	4.4	
-4.648	3.2	
-4.653	2.4	
-4.658	1.6	
-4.663	1.2	
-4.669	1.2	
-4.674	1.2	
-4.679	1.2	
-4.685	1.6	
-4.690	1.6	
-4.695	2.4	
-4.701	3.2	
-4.706	4.4	
-4.711	5.2	
-4.717	4.8	
-4.722	4.0	
-4.727	2.8	
-4.733	2.0	
-4.738	1.6	
-4.743	1.2	
-4.748	0.8	
-4.754	0.8	
-4.759	0.8	
-4.764	0.8	
-4.770	0.8	
-4.775	1.2	
-4.780	2.0	
-4.786	2.8	
-4.791	3.2	
-4.796	3.2	
-4.802	2.4	
-4.807	1.6	
-4.812	1.2	
-4.818	0.8	
-4.823	0.8	
-4.828	0.8	
-4.833	0.8	
-4.839	0.8	
-4.844	0.8	
-4.849	0.8	
-4.855	0.8	
-4.860	1.2	
-4.865	1.6	
-4.871	1.6	
-4.876	1.6	
-4.881	1.2	
-4.887	0.8	
-4.892	0.8	
-4.897	0.4	
-4.902	0.4	
-4.908	0.4	
-4.913	0.4	
-4.918	0.4	
-4.924	0.4	
-4.929	0.4	
-4.934	0.4	
-4.940	0.4	
-4.945	0.4	
-4.950	0.4	
-4.956	0.4	
-4.961	0.4	
-4.966	0.4	
-4.971	0.4	
-4.977	0.4	
-4.982	0.4	
-4.987	0.4	
-4.993	0.4	
-4.998	0.4	
-5.003	0.0	
-5.009	0.0	
-5.014	0.0	
-5.019	0.0	
-5.025	0.0	
-5.030	0.0	
-5.035	0.0	
-5.040	0.0	
-5.046	0.0	
-5.051	0.0	
-5.056	0.0	
-5.062	0.0	
-5.067	0.0	
-5.072	0.0	
-5.078	0.0	
-5.083	0.0	
-5.088	0.0	
-5.094	0.0	
-5.099	0.0	
-5.104	0.0	
-5.109	0.0	
-5.115	0.0	
-5.120	0.0	
-5.125	0.0	
-5.131	0.0	
-5.136	0.0	
-5.141	0.0	
-5.147	0.0	
-5.152	0.0	
-5.157	0.0	
-5.162	0.0	
-5.168	0.0	
-5.173	0.0	
-5.178	0.0	
-5.184	0.0	
-5.189	0.0	
-5.194	0.0	
-5.200	0.0	
-5.205	0.0	
-5.210	0.0	
-5.216	0.0	
-5.221	0.0	
-5.226	0.0	
-5.231	0.0	
-5.237	0.0	
-5.242	0.0	
-5.247	0.0	
-5.253	0.0	
-5.258	0.0	
-5.263	0.0	
-5.269	0.0	
-5.274	0.0	
-5.279	0.0	
-5.284	0.0	
-5.290	0.0	
-5.295	0.0	
-5.300	0.0	
-5.306	0.0	
-5.311	0.0	
-5.316	0.0	
-5.322	0.0	
-5.327	0.0	
-5.332	0.0	
-5.337	0.0	
-5.343	0.0	
-5.348	0.0	
-5.353	0.0	
-5.359	0.0	
-5.364	0.0	
-5.369	0.0	
-5.375	0.0	
-5.380	0.0	
-5.385	0.0	
-5.390	0.0	
-5.396	0.0	
-5.401	0.0	
-5.406	0.0	
-5.412	0.0	
-5.417	0.0	
-5.422	0.0	
-5.428	0.0	
-5.433	0.0	
-5.438	0.0	
-5.443	0.0	
-5.449	0.0	
-5.454	0.0	
